cagacdcaccagacdcaacagacdcaccagacdcaa